1792
2559
5496
6687
7569
7696
10158
12785
12810
14199
14726
15515
15765
16132
16474
19592
19596
22050
23774
24470
27507
27728
28316
29664
30467
31207
32463
32588
32697
33638
34355
35270
36557
37187
37593
39039
39813
40388
41230
41794
41855
42245
43559
43736
46683
48619
50572
51514
53694
54155
55608
59127
60308
63493
64429
64704
64886
65034
65498
66454
66503
70350
70435
71728
73279
76334
76900
78487
79516
81227
81242
82161
83195
83501
86068
87808
88057
92254
92890
93800
94201
94325
94373
94796
99561
99682
101234
101523
102890
103867
105143
106586
107587
108999
109421
109930
110738
111543
112220
112237
112567
113382
115894
120022
120146
125110
126357
126475
127000
128686
129071
129773
129950
130552
131094
131973
134795
136222
137315
139013
142577
145026
145642
146731
147695
148761
149744
149879
149912
151110
151910
155117
156042
157186
157248
157926
163243
166225
168017
168230
168391
168978
169155
169634
170534
170872
171734
172251
172420
174260
176377
177032
177659
177687
177772
177861
178246
178868
179577
180003
180079
180196
181557
181758
183062
183875
185001
185535
186324
187560
187982
188014
188154
189702
191111
192185
193248
193857
197367
199101
200525
200704
200879
201554
203671
209528
211225
212710
213352
213931
214207
214413
215434
217092
220734
221612
222365
224423
225054
226217
226600
226657
236368
236616
237327
238196
239364
239634
240458
241818
242828
243091
244341
244606
244790
245873
246899
247186
248199
248203
248564
248654
248704
249039
249303
250315
252601
252714
252793
253619
254729
255482
255922
259562
259579
261226
261914
262351
264368
265978
266407
266930
268160
269700
272658
274200
274498
275006
275258
275469
275631
275862
276000
276237
277924
279075
279395
279432
279690
280614
281569
282529
283906
284190
284772
285449
285561
286645
286774
286815
287022
287581
287596
288501
288880
289383
290643
290987
292921
293896
294233
295097
296442
297953
298301
298788
299833
301565
302072
302730
304570
305299
305926
305960
306013
306385
306603
307339
307672
309830
310447
311446
312772
313255
315349
316418
316459
316600
317806
318067
319520
320807
321443
321748
322164
322820
323306
328308
329184
329470
330445
330697
331450
331491
331901
332650
332739
333733
334784
336330
336710
338456
341216
341387
342374
343831
344875
344902
345179
347391
348287
348291
349944
350614
351622
353801
354049
355794
355852
355862
356101
357982
360269
361968
362964
365138
367940
368167
368754
369450
369839
370744
371517
371960
373699
374017
374334
375269
375921
376487
376784
377310
380188
382102
382397
382398
385407
385784
386880
388863
390732
390735
392420
393887
394081
394875
395086
396623
397161
397590
398081
399584
401182
401303
401315
401757
402339
403732
404919
405254
406235
408942
409606
410848
413855
414187
415173
416224
417110
419770
420071
420440
420801
421952
424638
425160
425274
427108
427343
427776
429690
430414
431918
432303
432321
433047
433141
437676
438724
439109
440221
441565
441962
442535
443252
443571
445480
445612
446040
447755
447851
450572
450815
451456
452363
452811
452930
453546
454293
454637
454766
455052
456681
457024
457949
458554
459695
460601
461401
462294
463388
465258
465882
469048
469395
470937
471905
472933
473243
474522
475926
476670
477703
480146
481173
481527
482704
482861
484240
484404
484607
484728
486748
487581
488809
490789
493201
495748
496107
497069
497388
497688
499754
500610
501503
502781
504313
505463
507733
507783
509238
509265
509752
510454
513235
513541
514217
514487
516362
517065
519204
519258
522071
523247
524165
524877
525002
525511
527551
529425
530540
532678
533113
533468
533806
534353
536119
538541
539647
539651
539699
540780
542231
543484
543650
545128
545252
545889
548243
549839
550312
550484
551390
551611
552018
553821
554039
554158
554570
556644
557310
559428
559604
560260
560628
561521
562603
562638
563107
564519
565607
565663
566772
567577
568013
568950
569319
570508
571745
572885
573161
575047
575249
577451
578466
578817
579275
579701
580209
580612
580733
581457
582688
582815
583850
584123
584244
584373
585221
585225
585299
586951
588621
589299
590185
591676
592764
594548
597160
597709
598641
598732
599118
601557
602857
603666
603891
604187
607082
609019
610615
610777
611314
611681
611747
612070
613750
614206
614856
615889
616742
617643
617694
618255
618636
619006
619889
620001
621784
622041
624148
625669
625675
630152
630430
630536
634344
636460
637110
637176
639664
639835
640220
640302
640432
640517
640699
640803
641420
643248
643269
644300
648125
649121
649287
649772
653195
654256
657705
657729
658130
658715
659101
659962
660516
660726
661033
661077
661150
661426
661697
665054
665396
665713
666521
666598
667345
667345
668754
668934
670152
670218
672151
674470
675068
675135
676237
677637
677657
677689
679702
685315
687283
688974
689517
689743
692364
692678
694413
694707
694735
698439
699706
699748
700849
702510
703117
703188
703250
703314
703516
705547
706432
706781
706806
707138
708032
709415
710802
711026
712473
714964
715334
715493
716145
720727
720758
722947
724771
726074
726098
726156
726211
726754
728411
731383
731954
732042
732503
734906
737142
738234
739249
739346
739939
740136
741559
743254
743568
743633
744618
745104
745846
747026
747184
747569
747600
748234
749174
749204
750532
751180
751588
752614
753728
753871
757126
758836
758860
759863
760665
761810
762626
765033
765956
766347
766572
768146
769776
770618
771418
772214
772404
774562
775613
777681
777830
778359
778397
779886
781055
781357
781403
783837
784514
787349
787715
789559
789819
789861
791339
791353
791885
791983
792012
793200
793735
795699
797516
798769
798871
801605
803314
804736
805676
809405
811577
812096
813538
814445
815544
817166
817999
818504
821149
821303
821869
822664
825254
826455
827904
829065
829992
832030
832100
834621
836576
837710
839392
840230
840737
841800
842705
844557
845529
845941
846115
848129
851576
853580
854019
855137
855234
856217
856845
856962
860107
861190
861312
862251
863456
865469
866716
868595
870272
870490
870504
870579
870584
871803
873690
874042
874277
874494
875016
875288
875567
876063
876717
878347
879779
879969
879990
880889
881361
882416
883573
887590
887959
888189
888647
889294
889747
890417
890494
891366
892894
893436
893637
896305
896418
897226
897862
897973
899138
900960
900990
901144
903730
903989
907561
908352
908667
909147
910293
910466
910613
911142
912138
912183
912887
913768
915653
916392
916549
916923
917302
917855
921257
921401
923002
923510
923736
924014
924535
925482
926197
926227
926439
926764
927533
931953
932182
933432
935116
936210
936686
937004
937404
937450
938439
939829
939839
941531
942146
942477
942870
943127
944728
948026
949189
950038
952035
952172
956615
959312
961166
962498
963004
964235
965578
965737
966342
966790
967923
968792
969142
970783
976186
979319
980416
981436
983246
983277
984549
987245
988556
990182
990790
990879
990998
991138
994354
995949
996559
996700
997210
997531
999736
999988